world: 871c0a54-9eb9-4e2e-93e3-c888e93c1f83
world-name: world
x: 364.53129308233173
y: 111.0
z: 1325.4478353113172
yaw: 7.65533447265625
pitch: 21.749849319458008
name: JungleEdge
lastowner: 8963fe68-bede-4039-847b-b955933fd7ef
